ID	86F_Ratio	119F_Ratio	153F_Ratio	171F_Ratio
cg06193439	9.799893152	10.49782317	11.05072361	3.386559475
cg06193520	1.517718056	1.568189322	1.100878016	0.487841098
cg06193578	0.170267835	0.270378549	0.208387911	0.373011269
cg06193597	3.240138666	3.136315379	13.70257787	0.083048311
cg06193628	1.664956874	2.450886301	1.287765426	0.312277571
cg06193633	0.044237483	0.046646757	0.023064635	2.098086036
cg06193668	21.07303967	18.97337597	41.47267756	1.279982227
cg06193723	0.0819276	0.051049253	0.069229055	0.017990515
cg06193766	0.194317353	0.257025038	0.182509019	0.135161587
cg06193775	0.035794183	0.022270426	0.017971468	0.0728621
cg06193838	4.511215541	3.956809634	3.984895053	1.293614582
cg06193958	0.126698665	0.146953045	0.297301567	0.142296396
cg06193988	0.081270356	0.092089	0.100299003	0.313469432
cg06193995	1.409993386	1.336927486	1.945618484	44.46188913
cg06194003	15.52380983	43.64947629	47.86138411	8.312785343
cg06194010	19.62903922	11.07618763	17.95321773	0.687784123
cg06194026	0.025810322	0.02852516	0.061295816	0.056094323
cg06194070	1.842835866	1.561910306	2.023166463	1.147809971
cg06194119	0.033811122	0.033317593	0.036799642	0.433572475
cg06194186	6.679286367	7.874479815	10.36327007	0.238461254
cg06194421	0.083874249	0.078525135	0.029431692	0.096311534
cg06194479	0.016073071	0.02987385	0.015598466	0.015627896
cg06194536	0.067913498	0.065652994	0.031500965	0.548354956
cg06194602	6.555434822	5.681782154	5.253356437	1.950313871
cg06194738	3.681198189	2.963068986	3.158854712	3.001098307
cg06194808	1.156367451	1.05731115	1.140449024	0.542922041
cg06194809	0.576128186	0.656513769	0.697724359	2.580039033
cg06194885	3.002252829	3.030092603	3.040452036	1.650493886
cg06194960	2.226028527	2.772166284	2.142635546	2.042333887
cg06194982	0.224846359	0.214731011	0.212935753	0.101634713
cg06195157	0.039523829	0.039006612	0.047547531	0.051277238
cg06195193	1.60784732	1.166954068	1.545455695	1.451721091
cg06195280	0.523727594	0.640408452	0.486518305	0.997954271
cg06195293	4.154634658	3.46556083	3.919844481	18.87464926
cg06195379	#DIV/0!	2.950370647	3.610790581	1.153371688
cg06195525	0.029839166	0.144718559	0.108139615	0.046197718
cg06195595	0.072824197	0.074041315	0.083188141	0.0425691
cg06195829	0.044411515	0.046715367	0.084144799	0.072942917
cg06195987	0.109726479	0.102070062	0.065250717	0.073753881
cg06196122	0.033960134	0.047879804	0.072926509	0.118057065
cg06196145	0.058906249	0.075576984	0.094943574	0.011648092
cg06196147	0.042463217	0.040171719	0.066201958	0.03998661
cg06196161	0.007467606	0.017617959	0.001856435	0.065454551
cg06196314	9.986261772	8.036847214	12.99219592	0.464400336
cg06196379	0.428472841	0.436003791	0.49516354	3.016401693
cg06196466	16.41694324	12.60809477	9.384475739	3.323977983
cg06196636	1.414694965	1.167649428	1.473974195	25.55219035
cg06196689	29.72824269	10.4480687	19.05933942	0.448749244
cg06196755	0.073937241	0.075262481	0.083206274	0.107999996
cg06196801	0.04316765	0.034111833	0.017888897	0.111524113
cg06196828	1.030423775	1.652301027	0.903997906	6.840904626
cg06196926	20.77105633	13.73130473	40.75034003	0.274459947
cg06196978	0.010180005	0.012671248	0.007342716	0.070030288
cg06196984	4.334690007	5.447419763	3.46586036	0.490855148
cg06197006	0.020915501	0.037036414	0.049621591	0.217745626
cg06197024	7.962493565	5.263091964	6.552536928	11.09071639
cg06197043	9.505706169	9.878591475	8.207143164	2.164930257
cg06197074	1.42126455	1.436084043	2.049055695	0.843316097
cg06197114	0.062835878	0.059456018	0.127031553	0.020340795
cg06197191	0.06695282	0.060102762	0.079755589	2.035024638
cg06197360	11.2730484	9.298742733	11.93500544	0.254298089
cg06197372	0.031576934	0.035666922	0.051025824	0.067255961
cg06197377	0.071706725	0.126734466	0.091333371	0.179154914
cg06197482	0.046148546	0.069904092	0.082931581	0.03216282
cg06197492	0.853227283	1.303941099	0.727909867	0.361896346
cg06197503	0.049459975	0.068167597	0.086005517	1.547947296
cg06197571	20.62213662	17.6641511	14.17912445	3.56232346
cg06197574	0.043577049	0.045854026	0.025870627	0.06074133
cg06197616	1.542564481	1.830821274	2.341945117	4.200562815
cg06197731	4.855449153	4.714946027	6.173730616	1.171884372
cg06197751	2.656098188	2.253581096	2.556244123	33.49718323
cg06197760	45.15744186	18.74318984	39.6098907	2.295384001
cg06197769	0.046346381	0.054290864	0.05708698	0.016598418
cg06197774	0.198120072	0.211966226	0.079547564	7.034962865
cg06197789	22.9629771	15.82351943	14.70028135	1.641502859
cg06197811	10.59001184	10.05287938	16.95935272	0.283779817
cg06197836	0.891664784	0.938385433	1.046826756	42.56725351
cg06197870	4.368042394	8.226661772	10.14188119	5.628966178
cg06197930	21.37185177	13.8600732	19.79282648	1.069053186
cg06197966	0.056075579	0.085061459	0.056758893	0.062660368
cg06197981	0.059549505	0.068544591	0.073825544	0.04130628
cg06198069	0.251974717	0.376297756	0.264648882	0.104757361
cg06198190	0.036950887	0.056750757	0.070024584	0.139641769
cg06198312	1.420947429	1.530544159	1.379031021	0.568068778
cg06198335	0.052619697	0.059524428	0.084509481	0.089233419
cg06198351	0.031298765	0.048688811	0.025468975	0.197845245
cg06198384	0.192593134	0.201693225	0.228878692	0.356200988
cg06198390	4.394171625	4.362500164	5.971628076	3.302376875
cg06198398	0.246388841	0.234093642	0.328026237	0.125754347
cg06198451	0.013069142	0.014914965	0.006931929	0.142259365
cg06198575	14.21579246	8.938594507	10.46195556	0.70338854
cg06198758	0.574222182	0.591899086	0.687996272	1.779014526
cg06198892	0.019393181	0.080244009	0.053006503	0.212569283
cg06198975	12.11744984	10.10454414	11.82792272	7.653022662
cg06199052	4.50360144	9.047057564	5.504566042	1.880517813
cg06199058	0.01383009	0	0.012708649	0.011726236
cg06199346	1.785736848	1.639783364	1.480726894	0.532458179
cg06199468	0.004894656	0.007534819	0	0.004511027
cg06199563	0.022884212	0.016607269	0.002534441	0.018078137
cg06199750	0.060171132	0.060557421	0.037971149	0.069308826
cg06199753	1.380338887	0.581729921	1.259943286	3.577055036
cg06199907	2.608900215	2.569561193	3.890666183	0.513870918
cg06199921	0.146842677	0.200302911	0.244136324	4.085011908
cg06199939	11.1235824	11.69284131	10.71040959	3.796783048
cg06200001	4.346684399	4.080810024	3.966735297	0.717102194
cg06200013	0.020696963	0.025495919	0.043541392	0.033853776
cg06200048	0.158137869	0.215240131	0.180717663	0.132828351
cg06200092	0.262779012	0.272911357	0.155159144	2.066947152
cg06200244	4.001750246	4.420455733	4.182133664	1.152070122
cg06200339	3.936671972	3.723367744	2.413070497	52.69831369
cg06200361	16.11924903	8.540913265	11.02313549	5.986305035
cg06200397	8.63358729	6.546228492	9.715059345	40.5719983
cg06200449	9.750140793	6.5027052	15.2385286	0.131520939
cg06200494	0.012305906	0.012886061	0.010082388	0.024619339
cg06200512	0.072410359	0.08060023	0.04729885	0.833894358
cg06200514	13.28537934	8.006179924	9.811440496	17.50656108
cg06200607	7.160673627	6.83681226	9.076289802	0.431156425
cg06200611	0.275326307	0.206208922	0.265891788	1.445849844
cg06200634	0.504435893	0.807689757	0.590084284	1.439287984
cg06200670	6.383634379	6.31590952	5.997186667	0.660269075
cg06200697	0.183193795	0.265628848	0.195828534	0.33008762
cg06200714	0.035387245	0.032384708	0.048329159	0.018628031
cg06200777	0.063282861	0.070708813	0.081759202	0.093851363
cg06200803	0.043973914	0.043785137	0.067759826	0.154627242
cg06200824	3.232581954	2.940628148	3.195717117	2.003965769
cg06200857	2.4834456	2.138846373	2.621306636	0.739189233
cg06200860	0.054587349	0.065041408	0.061361414	1.723112306
cg06200982	4.068841012	7.344133929	4.990100423	14.58383656
cg06200996	8.733585938	8.539761803	11.20864747	0.230495637
cg06201030	0.11383513	0.09671893	0.076622431	0.19030629
cg06201207	2.415538583	2.442771005	2.865524967	0.727463974
cg06201219	0.53324274	0.718007998	0.725944605	14.33897351
cg06201247	8.707980649	8.604036131	6.676027914	6.895372369
cg06201264	4.235556651	3.217948405	4.980381318	0.219145994
cg06201372	0.060085097	0.066215841	0.09671431	0.187355742
cg06201393	0.231422986	0.330054087	0.375690664	1.890341906
cg06201512	6.133314961	6.122692477	9.36914063	1.725329609
cg06201514	1.033143428	1.234879455	4.192235643	1.688880747
cg06201604	6.939713241	6.36107014	7.91726776	0.442476071
cg06201642	0.060908623	0.066995604	0.088087644	0.647486421
cg06201672	6.795332417	6.291567658	6.770895036	0.500326739
cg06201680	0.003657908	0.023119626	0.00873326	0.073651774
cg06201717	2.661759713	3.022825905	2.831005149	1.380604788
cg06201763	0.419537893	0.50861626	0.456833063	0.892288883
cg06201861	0.978098288	0.9430293	1.226223641	0.418393497
cg06201907	0.059484497	0.05109665	0.012596002	0.372212557
cg06201950	6.746423041	5.130783277	5.273657603	2.967131096
cg06202053	3.803590468	2.429244153	3.621808446	0.767579093
cg06202094	0.018790777	0.023373441	0.037861128	0.0405678
cg06202149	1.658002732	1.864169665	2.058978208	1.418028059
cg06202228	0.087564361	0.094263947	0.124097872	0.116889842
cg06202276	0.694461562	0.492517187	0.693798829	0.301302192
cg06202426	0.897896407	0.961449057	0.966599937	18.7253991
cg06202470	22.0282143	15.07306994	18.02344731	52.62334644
cg06202492	13.19683793	13.73602234	23.03797014	0.38668388
cg06202585	0.074992356	0.183416513	0.070571927	2.647427559
cg06202653	9.900075481	12.71911394	13.25156493	12.7737951
cg06202667	457.1408276	18.95814907	7.946453264	0.438949499
cg06202686	0.043568579	0.066143754	0.081848914	0.161390403
cg06202737	1.048259584	0.809560788	0.433398699	5.970338373
cg06202778	15.03095365	13.46348232	16.00333313	0.639882054
cg06202802	0.509145921	0.495515982	0.568381382	39.60162322
cg06202903	14.07138371	17.96739284	9.249103349	0.184428811
cg06202977	0.063884306	0.070107488	0.090939082	0.14493071
cg06202984	0.056936235	0.066376409	0.06461582	0.093222267
cg06203102	2.688631508	2.860884259	3.198663223	1.598004415
cg06203126	0.02823075	0.047478	0.045925586	0.64081415
cg06203137	37.04062507	33.20396935	22.44338069	4.622616787
cg06203207	0.055518404	0.085517918	0.056487216	0.6665498
cg06203251	16.29516198	12.8876766	15.73571834	1.140170573
cg06203307	5.552467007	5.531141663	7.293429217	1.692976768
cg06203364	0.369667031	0.521680937	0.370885989	0.340452877
cg06203471	0.011943351	0.012128461	0.011190016	0.002318595
cg06203476	0.079792869	0.118335641	0.107937303	0.154975702
cg06203560	0.078124836	0.088674662	0.094383541	0.364995348
cg06203649	2.343426468	2.202279351	1.827257096	0.733170664
cg06203720	0.328640101	0.37461803	0.436275914	0.154502638
cg06203772	1.113564841	1.101089297	0.656762326	1.1468045
cg06203912	0.483910287	0.579360172	0.557568228	0.299884357
cg06203952	0.803794102	0.837244969	0.991763398	4.584350637
cg06203976	4.820716617	3.872056357	5.682099794	5.781250779
cg06204009	7.621707489	6.978578881	6.77252997	1.604950167
cg06204040	0	1.194517742	1.011543042	0.592575015
cg06204062	0.125327623	0.125330883	0.120191991	0.074094855
cg06204101	1.032537363	1.244056313	1.066263085	0.845244102
cg06204126	0.264528566	0.326613176	0.305914141	0.51235696
cg06204229	1.791287643	2.772385019	1.962265361	5.094735962
cg06204447	3.35639583	3.246247118	2.59571676	0.723500424
cg06204482	0.001008355	0.00699351	0.002895612	0.059171521
cg06204618	0.535105977	0.598593885	0.418410082	0.465407806
cg06204623	9.922555456	10.02764634	10.00617067	50.91937983
cg06204629	7.852191525	8.749484482	12.71747784	0.41184876
cg06204638	0.027871841	0.084451321	0.069698394	0.099813351
cg06204665	0.618956302	0.576749297	0.374832457	0.169375256
cg06204711	0.207322671	0.244134862	0.204429105	0.358405721
cg06204730	0.149663384	0.103866729	0.115824195	0.063730731
cg06204735	0.066754315	0.056085914	0.055452295	0.041679029
cg06204745	0.046497452	0.052237074	0.091958513	0.167897774
cg06204755	0.200879506	0.330292729	0.210411472	0.935049402
cg06204800	9.293785101	11.11232428	7.615296564	1.258678467
cg06204838	0.048894411	0.053620523	0.061038553	#DIV/0!